inherited Form_SMPreview_Surface: TForm_SMPreview_Surface
  ClientHeight = 1920
  ClientWidth = 1080
  DesignerMasterStyle = 0
  inherited ScrollBox_Parent: TScrollBox
    Size.Width = 1080.000000000000000000
    Size.Height = 1910.000000000000000000
    Viewport.Width = 1080.000000000000000000
    Viewport.Height = 1910.000000000000000000
  end
  inherited Memo_Test: TMemo
    Viewport.Width = 350.000000000000000000
    Viewport.Height = 143.000000000000000000
  end
end
